"Overlap_Length" "WT_HywiS_HywiAS" "WT_HywiS_HyliAS" "WT_HyliS_HyliAS" "WT_HyliS_HywiAS" "Colch_HywiS_HywiAS" "Colch_HywiS_HyliAS" "Colch_HyliS_HyliAS" "Colch_HyliS_HywiAS"
"1" "0" 49292 65956 163556 247052 27296 15314 11463 52013
"2" "1" 42849 64534 163495 243510 24608 15239 11585 51878
"3" "10" 64964 98818 234963 369075 32635 23589 21312 84358
"4" "11" 54770 74449 192862 287794 30355 18400 15063 64281
"5" "12" 54668 73741 192272 282166 31007 18196 14978 62913
"6" "13" 53811 74048 196971 279040 30958 18015 15328 61929
"7" "14" 54169 73814 202537 278422 31721 18453 15712 62670
"8" "15" 55046 75098 202498 276075 32715 18677 16026 62179
"9" "16" 55279 76215 207106 276703 32669 19346 16274 63365
"10" "17" 56166 78535 213793 279353 34655 19918 17270 64279
"11" "18" 58663 80990 214611 283195 35344 20307 17423 65411
"12" "19" 59255 80365 205071 287372 36307 20993 17645 66261
"13" "2" 48870 66813 167824 247920 27140 15648 12171 53332
"14" "20" 65939 95964 233590 304830 49088 27835 22732 74467
"15" "3" 47786 66601 170881 249548 27679 15806 12511 54819
"16" "4" 51924 68211 174651 256476 29112 16360 12880 56314
"17" "5" 51809 68577 176948 259712 29189 16585 13321 58617
"18" "6" 52774 70452 183024 268635 29548 17215 13984 60932
"19" "7" 53074 70753 185846 272902 29247 18307 14873 63998
"20" "8" 53256 72297 190333 284212 29962 19212 16350 68295
"21" "9" 56324 77763 203947 306320 30633 19861 17174 71262
